1781368389381 6384.0906560884105 0
1781368390000 4362.413095597741 1
1781368390659 3139.753583071043 2
1781368391297 2406.5297500281026 3
1781368391931 2015.4138449250365 4
1781368392600 1844.1299495559801 5
1781368393278 1780.5622940612354 6
1781368393909 1755.485511834673 7
1781368394604 1747.554454776023 8
1781368395220 1746.8394103564804 9
1781368395844 1746.2286131056092 10
1781368396553 1750.477444216502 11
1781368397145 1748.2944300809352 12
1781368397744 1744.5231415453575 13
1781368398339 1753.0247183600775 14
1781368398959 1745.8664085333296 15
1781368399612 1746.3402762653159 16
1781368400244 1752.6697523816883 17
1781368400821 1745.4230834082734 18
1781368401503 1746.230103856368 19
1781368402103 1743.771594150461 20
1781368402765 1745.9948853417266 21
1781368403466 1746.0165936586668 22
1781368404093 1746.5503452218693 23
1781368404759 1745.4571138011465 24
1781368405434 1399.9322073957046 25
1781368406024 328.4682400929842 26
1781368406671 172.42906206803357 27
1781368407304 133.21468989969156 28
1781368407909 120.13724037554624 29
1781368408569 114.69618575006938 30
1781368409170 107.61503290958542 31
1781368409753 108.36657496321973 32
1781368410375 102.44565521898888 33
1781368410963 102.2693407209657 34
1781368411587 104.75359544822638 35
1781368412129 98.71490282291988 36
1781368412697 98.76287552264097 37
1781368413264 97.87746994786983 38
1781368413860 94.05777223161657 39
1781368414545 89.94917923083408 40
1781368415152 93.16438079394882 41
1781368415719 91.3880375752346 42
1781368416290 89.14235963066704 43
1781368416836 85.99277190338793 44
1781368417467 86.61249782370149 45
1781368418073 86.54053619439654 46
1781368418709 88.17571155630428 47
1781368419306 85.28524800856336 48
1781368419842 83.25691280776648 49
