1781368439925 1960.5790304280013 0
1781368440642 650.6303174135496 1
1781368441121 511.3397474769208 2
1781368441669 408.9032326019068 3
1781368442145 329.09281301155363 4
1781368442669 281.1141803659124 5
1781368443142 265.21551200811814 6
1781368443670 245.4367798180889 7
1781368444151 227.60575321938495 8
1781368444729 219.70887490142164 9
1781368445238 211.79044506704207 10
1781368445745 198.0650573840244 11
1781368446262 195.06288061896674 12
1781368446739 190.48551337152935 13
1781368447230 187.93226137778743 14
1781368447725 186.22111192881633 15
1781368448230 179.73461521615226 16
1781368448753 177.6186517125411 17
1781368449269 177.68064073521455 18
1781368449754 172.48127965446855 19
1781368450270 171.96623740436362 20
1781368450759 173.74216378850045 21
1781368451272 165.30155921496933 22
1781368451753 167.49486253587463 23
1781368452260 167.7399010692569 24
1781368452733 169.95778044007665 25
1781368453214 161.97109557741837 26
1781368453699 172.14008583782388 27
1781368454193 162.15550003463414 28
1781368454689 161.58445816588917 29
1781368455179 167.25527493044626 30
1781368455690 162.2087299703694 31
1781368456181 157.28900289192475 32
1781368456722 158.5745130854545 33
1781368457299 161.55211743690984 34
1781368457759 158.54629181786407 35
1781368458234 160.30383388601618 36
1781368458682 159.46351768987643 37
1781368459127 158.36200318919668 38
1781368459608 162.80733742473794 39
1781368460050 155.9618474562391 40
1781368460551 157.364111207372 41
1781368461009 160.88576935349607 42
1781368461484 154.86667166510932 43
1781368461927 153.05014313210685 44
1781368462411 152.0765255852569 45
1781368462848 153.3712620632254 46
1781368463345 152.3324579197726 47
1781368463792 149.546060514107 48
1781368464254 149.33289312458726 49
