1781368304628 6442.6784843609485 0
1781368305203 4373.263894060533 1
1781368305773 3141.7243520613197 2
1781368306406 2411.3457643797074 3
1781368306994 2038.5159385187162 4
1781368307646 1853.5593968672717 5
1781368308230 1782.0921521083915 6
1781368308803 1753.737080306458 7
1781368309454 1746.082780796847 8
1781368310000 1749.8351475557836 9
1781368310643 1746.1755608208746 10
1781368311225 1743.9451278576748 11
1781368311814 1750.7750129974145 12
1781368312468 1752.801850023887 13
1781368313077 1750.4908302362016 14
1781368313699 1744.9779079080486 15
1781368314308 1747.6233533680868 16
1781368314867 1559.2540473114673 17
1781368315455 485.9691679700673 18
1781368315982 244.5477434611149 19
1781368316558 178.4498654097962 20
1781368317115 149.95981397560175 21
1781368317739 138.97116555412896 22
1781368318304 132.69643432287862 23
1781368318831 124.86919806500991 24
1781368319408 116.27085206148436 25
1781368319989 112.07789432059089 26
1781368320638 110.86995561174352 27
1781368321236 105.43163320143445 28
1781368321873 107.21818398400177 29
1781368322594 104.83251256050823 30
1781368323164 105.49271925919348 31
1781368323705 99.15033406319378 32
1781368324299 97.63418385450788 33
1781368324859 98.40529421250598 34
1781368325514 97.23335771080401 35
1781368326099 96.19064665526795 36
1781368326736 95.04884703382314 37
1781368327394 94.8393858696917 38
1781368327964 92.2114621683848 39
1781368328548 92.70743654100157 40
1781368329115 94.50716637107108 41
1781368329676 90.44641453735262 42
1781368330298 87.06293270742293 43
1781368330855 88.85025467632485 44
1781368331498 87.90391223550701 45
1781368332140 91.32954541899318 46
1781368332800 86.20514992501238 47
1781368333424 88.6456834944032 48
1781368333978 83.83590108199085 49
1781368334549 83.93093524219321 50
1781368335152 81.8920261002273 51
1781368335840 84.71276102649222 52
1781368336473 81.5977566945467 53
1781368337109 78.82962448476887 54
1781368337788 79.6371273342654 55
1781368338515 84.11560411247419 56
1781368339152 79.66823039895338 57
1781368339804 78.66383271251651 58
1781368340449 75.20554917150264 59
1781368341031 75.00950857889738 60
1781368341715 76.40199312717795 61
1781368342333 73.34898093106935 62
1781368342905 76.2709227500202 63
1781368343546 70.30487624175257 64
1781368344191 72.12300825890877 65
1781368344808 71.84192329516513 66
1781368345459 71.22473297530799 67
1781368346080 69.58347851595433 68
1781368346753 73.88854185282756 69
1781368347459 66.47420716114182 70
1781368348117 68.48716593131745 71
1781368348782 70.69345968918834 72
1781368349515 64.49179456131064 73
1781368350067 64.1480479549161 74
1781368350686 64.69795692910394 75
1781368351285 65.10091439253992 76
1781368351844 63.64337304341707 77
1781368352499 61.372001968699394 78
1781368353054 63.86437046956673 79
1781368353679 64.13089628528348 80
1781368354322 60.53352588200741 81
1781368354889 58.07390948508283 82
1781368355526 62.674851582204695 83
1781368356101 59.28294995534334 84
1781368356719 60.37241141916179 85
1781368357318 63.76047993392395 86
1781368357909 58.74351056188131 87
1781368358570 75.45805105717062 88
1781368359203 57.02313062269911 89
1781368359800 53.90776007810085 90
1781368360459 53.773580365901374 91
1781368361039 52.67529510251052 92
1781368361670 55.25521799814787 93
1781368362297 52.87830107846706 94
1781368362899 49.641080530427345 95
1781368363545 50.387381804075176 96
1781368364103 49.94549591421223 97
1781368364689 50.148114056038345 98
1781368365297 47.16994774770394 99
