1781368479424 1925.6902461429295 0
1781368479921 630.0249971897482 1
1781368480499 489.41800382325977 2
1781368480969 393.1609660635749 3
1781368481515 315.58419948001557 4
1781368481999 277.1482724251507 5
1781368482549 245.74842411837133 6
1781368483000 234.74658933131815 7
1781368483563 223.20305581401578 8
1781368484000 214.10514118002473 9
1781368484575 207.97584498014382 10
1781368485084 201.02175584971476 11
1781368485642 195.17706339993921 12
1781368486110 196.39454930806332 13
1781368486642 191.39398956298828 14
1781368487114 187.90750119325926 15
1781368487661 187.35173149932203 16
1781368488157 185.28324997167792 17
1781368488780 182.2938293896133 18
1781368489340 177.36959855333507 19
1781368489817 176.01568614493172 20
1781368490411 183.51248632746635 21
1781368490884 182.89761580323145 22
1781368491454 179.89910551112334 23
1781368491899 172.90570038171123 24
1781368492480 173.20495704266665 25
1781368492920 167.08245446184557 26
1781368493484 170.19313702480397 27
1781368493932 171.14562233574955 28
1781368494521 178.32439828776626 29
1781368494993 169.68330515031334 30
1781368495575 171.76289241434 31
1781368496060 169.24341772614622 32
1781368496611 167.18454698521455 33
1781368497072 164.7915942514543 34
1781368497611 168.00945738922778 35
1781368498080 165.84743255505458 36
1781368498641 165.29820204124175 37
1781368499132 163.0446760054115 38
1781368499662 165.0277023864307 39
1781368500132 165.76746288820993 40
1781368500641 166.64047252188485 41
1781368501102 163.7759119966905 42
1781368501621 161.4628375622866 43
1781368502066 167.64780840427755 44
1781368502587 157.89204985803838 45
1781368503023 162.31798482112748 46
1781368503539 167.1348011922493 47
1781368503990 160.9572366673312 48
1781368504510 160.97072549175016 49
1781368504957 161.4528585200687 50
1781368505441 158.4552535461865 51
1781368505872 163.66343069419585 52
1781368506332 161.90216854836444 53
1781368506755 162.9756312198776 54
1781368507205 157.33479961902975 55
1781368507651 159.43845274122498 56
1781368508072 158.37198638916016 57
1781368508532 158.66971736674685 58
1781368508944 159.07624586366063 59
1781368509417 154.68739810092845 60
1781368509880 156.74382351113738 61
1781368510405 152.4785410380192 62
1781368510823 157.84396891971286 63
1781368511280 154.38926529369766 64
1781368511719 151.89420203339282 65
1781368512172 152.69116464793254 66
1781368512642 150.93745162332658 67
1781368513090 154.84766275419605 68
1781368513575 149.20196980538128 69
1781368514023 148.63028744484882 70
1781368514532 150.44932907433818 71
1781368514975 147.3048813085762 72
1781368515441 149.7079923710377 73
1781368515866 150.20122193261017 74
1781368516332 148.6916194613889 75
1781368516760 146.71145827478642 76
1781368517211 145.12469954456355 77
1781368517660 146.10158044828785 78
1781368518084 146.99287370640596 79
1781368518557 148.12450869992483 80
1781368519020 142.0268934236156 81
1781368519514 141.3548141314829 82
1781368519950 143.94130535949049 83
1781368520453 141.2531550565212 84
1781368520878 141.28446004716614 85
1781368521362 143.18090637810795 86
1781368521780 139.71360542791354 87
1781368522253 137.75705988973164 88
1781368522736 137.92900277556276 89
1781368523217 142.8625894724894 90
1781368523690 138.9287587447132 91
1781368524163 135.59310003321806 92
1781368524663 139.45853550314047 93
1781368525164 135.52208759115754 94
1781368525655 138.57571356245083 95
1781368526157 140.9897034734273 96
1781368526662 131.616302366737 97
1781368527265 132.51440621794558 98
1781368527785 137.22919344730514 99
